94
5146 2640 837 6227 1696 5960 8602 8167 328 8648 7817 3792 8560 4965 6212 7682 1817 3206 4703 3395 7426 8472 3372 4488 3819 3609 6481 6675 4504 3808 4872 5277 6595 5530 4683 7106 3982 7537 8494 7294 4626 5737 5912 672 5844 6297 7564 7648 3115 1268 5071 5442 6251 98 7545 1425 782 4018 7378 3161 3059 1136 3636 3849 6096 7248 4015 5927 7937 2718 3212 6071 8027 7774 3200 4445 5601 2257 6745 2709 3067 102 6043 2244 6318 4590 2937 4369 1279 5125 3014 820 8325 6063 
1183 7841 1561 7322 4371 5780 41 3498 1631 8723 1727 564 4607 19 3081 6757 2339 8810 3157 6632 6737 257 5267 2518 5850 2045 7980 6585 5600 5288 4341 8233 1818 6278 1311 5202 5330 8732 3060 2156 587 528 3595 8645 4907 8435 4661 7565 7726 8123 8274 2964 5841 4489 5165 6426 7909 6756 2392 6952 4014 8232 8389 2805 1860 8265 2634 5664 6721 263 6072 8281 5444 1884 4710 2265 5564 5939 7727 3303 6982 2071 7559 1863 2584 7697 5603 3237 2585 353 4005 5287 7169 2433 
7504 1526 8352 1982 7025 925 334 3993 2760 5394 5416 7508 3205 6629 2567 7340 3319 3248 7095 7372 4265 3198 1332 4669 8286 3895 86 7211 8127 5361 8243 7080 5976 2758 6374 1703 8794 2435 577 5439 8467 2838 3634 7056 1427 3207 5491 740 4038 4170 4248 7003 7522 3251 8011 6495 8531 560 868 4988 1591 869 3718 7748 8453 6584 6670 4325 3709 1046 8755 7513 6681 8440 7380 5210 4877 4840 6842 2440 2566 163 6135 6542 4025 6904 5293 5072 62 1387 5713 6418 2428 3992 
5229 1757 4236 7452 4815 486 4736 4702 327 79 2889 6882 2940 5153 4968 1775 4316 6190 8145 2395 4533 7353 8583 2022 8062 2096 3089 4181 7403 2057 8362 2024 5217 5157 4973 5632 1850 7387 6178 303 8313 8072 2466 4402 37 1495 5691 4946 5102 1033 7891 6631 1102 5636 7756 4059 8803 7288 7556 1723 1740 6689 6408 8380 7390 4040 7897 4461 493 8225 8328 8047 1842 391 4302 2973 3651 3218 8285 1774 3271 2347 2300 803 4592 6606 8055 4656 7707 1517 4394 3597 8023 6247 
7364 4760 4209 7058 3818 4531 2019 2279 7749 5732 6462 2769 6455 3309 597 3114 1668 8283 8238 3401 5347 7552 5511 3061 2183 1776 3420 5095 7995 975 7670 1926 3969 5547 7821 6311 1093 5037 7695 5892 7123 7412 7739 2456 1936 7063 3363 3439 2425 6203 6975 6622 4193 1366 8764 4571 6039 4879 2154 6869 15 8438 3571 5345 6003 4441 3301 1830 4297 7644 3273 4217 4609 5985 5567 3627 1568 5628 8075 8618 3078 8177 2426 4732 3826 6697 5607 1720 5638 276 259 1673 7078 4913 
7872 2773 5599 7948 3388 8276 5875 6378 7054 2142 3996 5025 3052 7166 1050 7068 7838 7738 8502 3534 6596 7110 7828 5101 2492 4729 7928 5348 7301 1406 5076 8595 2867 6084 1927 5935 3017 2134 7747 5502 2212 712 2338 3432 5816 4249 6970 151 1118 7447 7529 207 2552 7292 7806 8320 8464 7096 1766 3555 7889 6890 4283 2716 7763 8593 4140 215 6482 117 3013 3920 8349 1814 4479 1441 236 2411 1800 4731 2343 5674 7658 6928 1089 7503 4327 4073 3644 1383 1321 6434 4229 348 
8629 8408 1847 1859 3352 8708 4841 917 4358 4674 1120 7527 1187 4152 5662 8788 1836 6706 1960 1251 1712 3840 2310 3040 4335 4959 8119 7053 4234 8449 7970 2468 1448 7181 1381 4443 43 1105 2525 4888 6924 2754 3812 8399 4505 6953 1189 8735 1201 2401 4459 7854 3090 2281 4039 8052 8524 6903 8212 8456 414 1622 3861 4989 5081 3973 4063 2409 2786 7490 7101 366 1995 465 8417 6467 7784 6476 7853 4239 6969 3174 4743 1196 2746 5606 7247 3122 1948 7884 3739 7977 1871 3008 
3963 8036 3745 1097 6373 5011 3828 8215 107 1958 5896 3281 2794 955 3774 1384 5485 2447 684 5184 3050 7943 1166 7209 5766 2036 3800 3096 1681 2008 6045 4276 1976 7236 6371 625 8364 6603 1182 5786 2266 2235 6910 58 7779 7488 2410 2698 3929 918 2745 1613 7831 6277 4362 7434 8180 624 2904 1522 627 6395 2725 48 1739 7463 6702 5216 399 8022 6343 5433 4399 7115 5950 7661 7758 7482 2656 5430 2955 7824 180 2705 512 7008 3629 1759 22 7627 6784 6915 7321 255 
6459 3897 3882 8775 7976 6294 279 2479 3890 7355 6037 8074 7805 5359 4963 1486 8002 8413 3404 2607 3548 3460 2263 305 1793 5240 7415 7113 1411 6322 7256 6246 4101 7812 1979 5021 7953 8513 1865 5909 5647 4121 5993 4513 8568 3406 610 4839 7318 6633 3904 8006 4070 1742 669 7826 4002 5879 7780 4730 8747 2066 8250 4799 7935 1158 4984 3353 5994 1820 1497 2206 6177 8271 1524 6774 1910 167 3140 4448 3035 8771 271 1798 3160 3208 5478 8111 6326 7973 6205 3240 6207 8671 
5109 7476 4782 8460 5241 7906 5920 7538 5250 2604 5461 4792 8282 6289 1691 4614 7035 4822 3359 7316 113 4781 717 540 7843 3802 6558 3172 6888 6259 1515 304 1198 3671 5536 8664 6514 6912 2324 7861 6693 4534 1226 6593 1653 4576 5498 2730 333 1044 5926 6431 4061 2588 8266 4238 3026 7525 1042 1956 7122 2852 5789 8498 900 7197 7922 1064 8291 2384 4680 2647 5266 5745 468 3286 361 146 7725 5040 4166 7492 815 5339 5825 7678 6999 6964 1750 4000 2638 6761 8779 8301 
8197 1428 8213 2351 1256 1887 8515 3100 4545 4423 2361 2207 6700 2215 5213 4698 4890 7374 3269 5797 1159 8641 8406 3724 3834 7214 5808 3680 3767 5484 280 4115 4844 2579 4649 2077 8572 5507 8405 594 2119 1139 1355 4118 6781 5710 6475 3686 2666 8763 8254 7847 6239 7759 2806 6036 928 417 8523 7615 2543 3738 5946 2117 83 8458 2884 6328 1807 8090 5402 1767 4723 804 6680 7787 8769 6948 7245 6480 3579 4682 6383 8226 7213 2239 3687 1651 196 8510 1382 7550 7877 722 
2813 2777 7034 6397 5324 5826 1667 6804 8245 7628 6623 2549 6404 7829 6430 6064 6907 4615 2191 2921 3036 5609 1815 8084 5068 6194 2369 6763 3152 2271 3447 2545 3128 5705 427 6463 8596 4645 997 5428 4528 8319 7424 8332 864 2920 5594 4541 2153 3378 5516 757 5774 4938 8547 4463 1168 7462 5959 8638 7781 8658 1929 6095 1612 3074 1659 8256 1602 8802 2767 7393 7507 3863 6692 2894 3855 4296 4149 6474 1854 5440 3044 233 1931 156 6132 8040 2961 2626 7691 418 4454 3864 
2051 5997 6458 4403 2495 1361 5801 3833 1210 3602 3744 8073 1636 2906 4745 939 2664 3916 4223 1579 6444 4724 3419 5222 8724 7582 4862 8733 1706 8738 4299 2788 7706 3674 18 5655 3324 711 4376 7469 3091 1096 7881 5688 3852 3957 6765 7734 5233 2682 1195 4675 3441 5148 3037 7624 3238 8346 8279 7065 7303 2245 7336 4380 6237 5206 3610 1065 7059 7580 5227 638 5053 7904 7337 3728 6906 2596 809 6602 4036 2081 3284 7743 7124 3 4559 7965 2974 8255 5796 2327 4751 182 
216 3784 1101 5505 5285 6274 7061 4953 2903 3657 1107 4139 6019 7630 5966 8477 4156 7267 8354 5248 6653 7587 4175 695 1037 3348 7827 6149 431 4829 8688 5942 452 5180 2743 929 7723 3688 1203 6366 6024 457 6268 3232 645 4091 8534 1680 6553 5177 4569 5042 5830 3801 5390 2301 223 2226 2017 8268 7428 4473 4109 8833 8537 5961 6807 7595 2901 7879 1985 2551 8184 3756 3437 8166 347 6720 5062 5173 578 2446 7027 407 6731 2085 2823 8506 8597 4486 1430 7908 3601 4455 
4370 8009 3153 7274 6592 6741 8194 5905 7561 4814 5073 1048 4584 3857 6735 7711 4641 3002 2599 5562 1894 2623 854 6390 8397 3670 4132 5172 5161 2038 3021 2905 8777 1252 5669 3961 7531 3905 5706 1689 5074 5642 4529 8425 6109 5462 1557 8260 4096 6117 8767 3731 8125 8321 1468 6279 2594 7616 3586 1902 324 4384 8700 5014 3124 6 8616 91 5329 2418 8300 1603 2403 297 2415 5080 2016 5091 4788 7189 38 3375 8402 5064 1986 2817 1207 646 8110 3934 2169 8228 1498 8303 
6001 192 1569 4269 1811 5495 3399 7883 8060 7079 141 6891 4502 947 3287 283 1298 8306 1026 1693 6894 7917 8188 6429 8169 3469 5988 8189 3891 3927 1193 7610 3341 2157 7666 7029 7381 8252 8465 2282 443 6128 7916 1923 5272 7327 448 7129 5707 5005 2151 7485 97 7692 6225 4800 3604 8491 7043 6713 8792 5366 2330 8683 756 4153 2858 6685 6210 3427 5658 1130 7554 5878 5794 5154 3332 3859 2061 4948 6661 1638 1575 2240 1516 8791 7141 5646 5191 8780 7331 1553 2930 6777 
8682 2885 6526 3220 8343 6421 7383 8351 6049 8613 90 6380 7064 1837 1809 7558 547 1388 8147 8121 8689 7680 5289 8662 5865 4274 7551 5494 4816 6552 1867 2290 5620 7721 3940 8703 6244 5010 758 6535 2978 7876 1714 7273 1463 7302 4338 7752 2042 7903 1451 5262 601 3810 4927 7157 4159 7389 3720 6468 4228 7385 5785 7107 1466 2353 1307 4982 7050 3062 3545 2122 4880 6386 553 716 2070 7222 640 4665 25 3559 8817 6305 6183 877 5672 2082 4679 1650 8631 6320 4616 889 
5358 2234 8426 2442 807 5611 8338 7914 188 6389 350 1548 689 5126 8021 4241 3187 3628 8427 5142 985 359 4481 4564 3625 8826 7475 4474 6997 3434 5938 7450 4494 7088 7793 6083 974 6181 8041 5117 5383 3350 8677 1085 1756 6452 2488 8387 1544 7445 2148 275 1212 4585 4012 6018 2222 7487 6963 1873 5309 5319 2853 3923 7859 5886 1461 6122 1324 8686 4048 3288 5756 990 1587 5602 3144 4471 4207 1313 54 3533 5753 5835 5532 5645 1240 3431 5822 2491 3181 993 6751 6587 
5243 7075 1246 5678 381 2352 3659 7765 5817 2328 5949 6531 1367 1921 5321 7360 8544 2605 6471 1138 2143 1885 8001 3295 7144 7852 6655 3487 2847 7055 4969 913 6008 4088 6067 6338 1142 506 8218 8288 6260 5761 6407 4756 307 2438 2987 2803 4623 8046 6304 6165 7255 5500 3664 8447 7708 6159 2013 691 1328 6698 763 3386 2942 3475 4037 6800 4053 4796 4627 373 4301 6191 2242 7334 2176 4697 352 5828 796 6568 8430 6610 619 4347 4643 2436 432 434 2962 383 8379 2322 
7215 1317 5524 4026 5503 8335 8528 5438 2535 4713 4291 2544 8175 5759 1424 6464 3268 7996 5501 7271 2703 2789 3749 7435 4127 5404 1845 3501 5583 7641 7418 144 6472 7005 7191 88 5860 5473 5970 6941 3486 6630 1347 2280 4961 5888 5915 1749 3915 5343 6115 3937 1413 3458 3901 6140 4662 1063 7778 7704 4135 2023 8499 6943 2829 1199 4257 4482 2988 3517 1360 2486 4639 8428 356 7646 4748 1458 4117 2179 1200 6878 8518 6321 3265 5543 1572 8450 4589 2461 6065 6388 5748 1163 
1389 281 5066 2108 4937 6466 2261 2631 996 7511 3083 4055 5069 3227 5895 8141 4361 5214 4495 8277 5141 4784 2349 3926 1174 5174 7180 7567 5639 7902 3757 973 7599 1620 5432 5552 3994 7799 1947 8687 683 7809 1761 485 2482 1066 8 1052 5722 2732 2710 2317 8035 7289 5793 4031 1094 1374 8831 2927 6506 792 3515 7664 7957 4415 5255 3830 7620 1233 8555 575 4227 8712 2553 2307 511 3180 5858 84 1530 781 6738 6844 4925 5718 6445 4663 1736 6657 8634 6047 7258 3958 
1144 6509 6739 1121 5015 5637 3976 7849 7457 8365 2268 3131 3051 5711 426 5708 6696 2264 4190 8714 4211 3742 6021 6413 6867 7145 1779 4008 82 2004 1326 3410 5057 5549 4189 4696 1824 7120 2785 5684 3978 4561 7314 6432 7105 8334 5773 254 1621 644 4849 2555 7396 1001 4250 923 1593 4882 8573 8403 6118 5571 7887 6409 6363 6303 3366 2749 1954 3478 1452 3889 1157 4681 4859 2283 7964 3106 7263 5119 7051 342 2478 7200 7257 7066 6705 3544 1070 5956 621 7869 489 7560 
838 1819 2323 6142 5483 1642 4929 4154 2571 6465 4530 2738 7668 7635 6382 8532 4956 6886 1896 609 3261 5872 1655 8373 3677 239 4808 4184 2511 4130 2837 6847 3561 8557 2952 2821 2674 5856 8679 7614 3991 1748 3241 7895 7227 2854 8462 6787 8632 7031 948 720 7417 8391 6257 7649 3260 6730 4320 4309 8669 57 8412 2897 1308 1423 5880 8643 8173 1133 3480 3701 6976 2371 2030 1509 6573 7460 8773 3930 730 2739 6357 7519 7212 5013 2160 2751 5158 6744 3032 5047 2678 6478 
335 4230 3646 3361 6442 5094 4271 5693 1864 1951 1512 7600 2336 6877 7119 6336 7261 5367 5301 3654 4287 5686 3221 6347 7449 3648 5972 4759 7543 3338 927 5968 1214 8461 6153 5573 1826 8731 7776 2331 3768 203 2370 7710 606 4100 6034 6719 2925 4049 1747 5733 1604 8311 3033 6423 4678 2278 8696 344 8442 5906 5193 5196 2031 5685 484 7767 3360 8310 3804 1482 2230 8674 8536 1882 1792 4775 543 2120 5979 7495 2735 1153 2877 5046 3844 5954 670 8483 2180 2562 2598 4612 
6074 2523 6579 2168 3921 6533 6275 582 7466 6287 3158 7071 2953 6588 3519 6829 5504 6425 4856 5420 6041 1661 1127 7886 6014 7444 6325 5704 3505 1533 503 5417 5643 7416 1796 6483 6922 2233 743 2826 2344 1104 5077 5807 4262 3007 7069 7602 3713 7819 3462 7696 4911 4254 210 3277 4285 7471 1208 4281 247 6972 2872 6270 1890 341 6415 7719 6447 7077 7608 8652 7082 4715 4001 8541 3850 3966 7539 1732 246 4372 4042 8492 2099 5670 3707 3481 7724 3866 1828 1229 2140 2737 
1349 1917 8520 5771 1701 3229 6286 1556 805 1833 8455 7104 3543 778 8367 3394 8103 6895 2217 4086 7041 5307 5399 6691 8570 7023 1881 8474 1488 1862 3049 4539 4345 0 6420 242 7782 2210 6563 2662 219 4450 7098 3522 8246 2068 8665 1877 951 6919 4903 4418 2299 1380 5188 3847 1674 6703 5049 6007 5814 2602 1484 8247 4430 5168 438 1531 8657 8661 2633 7007 1351 2470 2194 748 4333 6938 4373 6114 6157 3584 1008 4067 8670 8163 6916 7235 5326 7632 3331 4363 7382 386 
1520 1055 8766 7037 2404 8210 5679 7420 1169 2586 7501 3357 7645 4178 2804 6998 6786 2356 5525 7022 100 1238 634 4726 3133 4970 2149 6817 4583 7138 447 1697 5820 4587 3673 6985 3473 5962 3587 8654 7631 533 1665 4915 5449 4213 660 2211 5510 1241 6428 2816 313 6310 3103 7346 6672 8414 2284 6176 1678 8721 1876 8489 6539 7746 2540 7397 2434 827 5709 8269 910 5296 4092 4478 6900 7176 194 4998 7979 7423 7338 4424 7498 4090 3867 4103 5239 7687 1165 1248 6921 2026 
1764 5924 3496 1172 4752 6488 6005 7388 1124 8348 3635 8222 5727 5230 1069 8552 6000 5169 2376 7523 1442 7407 1945 6508 1278 3461 7985 2182 7969 3780 998 6581 5523 4832 4618 8099 6154 5598 4069 6649 3075 6163 4368 7194 842 6441 6146 3254 4762 1223 2558 3862 451 6391 1692 3283 5479 8345 4071 5839 3440 8070 1218 5746 2298 6143 8030 4671 5060 4054 6342 7422 3865 4565 3092 1933 124 2072 8191 3477 3816 885 5054 2687 7347 5764 1585 7912 5963 3296 3981 442 7694 2532 
6816 6954 3708 921 5952 2469 1057 8192 4524 513 4196 1683 5105 4817 6556 4395 2874 6753 5975 3016 1959 755 6424 4922 1564 4637 28 8275 3506 2422 3228 883 2237 7251 4789 7745 3817 3734 3125 2990 7860 3464 2256 6283 3574 5953 2107 3842 454 13 7313 6724 2996 4195 3038 5392 2095 5842 6507 3333 2851 3690 1106 6438 3354 1648 7757 3541 2722 3335 1316 1115 6986 2228 2135 7744 6843 5138 8205 8384 5376 3567 5475 7026 5372 3853 330 8781 6913 5128 4068 1566 5127 1719 
395 4794 3925 6640 4107 2936 6718 7586 5863 3489 5586 1325 6555 6050 5870 5965 7342 4142 1270 3931 725 4056 5845 1185 7547 5471 4725 3741 6331 6179 3022 4676 3689 1605 384 4188 6335 982 4367 8490 4871 5618 7633 3018 8829 1872 7017 5840 332 922 1852 2494 3179 4437 499 7225 2713 7541 3142 8106 1788 7132 3672 2312 8728 1092 548 8571 7926 7675 2397 2375 1469 8627 2516 1333 5558 6590 403 3436 2147 8331 5720 1868 1302 5235 5403 2799 8437 5124 2291 7237 3737 8799 
6989 7653 4865 8694 4064 3190 6747 2259 6958 1666 3650 3887 2521 8359 6609 4509 4834 6665 3259 4881 1408 2753 2048 7287 7264 3305 7286 6611 4131 6686 3630 6402 7409 4706 2539 4116 5223 2933 441 5022 7848 962 4795 308 3983 4819 7499 8482 1315 6252 7963 8553 5873 170 5377 7874 7742 7591 1534 7514 4094 1318 555 2224 4898 70 4487 5182 201 766 8567 1963 2075 2364 7496 6914 3351 8312 4603 6110 5569 6870 1675 3126 4218 4659 5783 8112 505 7923 2340 3605 7549 2519 
6080 1363 5209 4428 3787 6682 7014 3809 5232 3001 5969 2591 8495 7156 2888 2629 3753 4560 8357 585 1577 7810 8434 3071 7801 6519 703 4653 2526 7885 539 7955 2481 6760 3624 5469 6759 2341 2529 480 3362 8503 7300 4475 7440 7252 5539 5315 3803 8776 4687 8280 1341 873 5563 5580 4606 3705 675 4912 5551 7836 5787 2957 830 8525 7807 1342 6809 3535 8374 5362 3380 8451 2828 7045 1098 7281 8340 4806 4292 7330 980 2250 3836 5391 314 2145 7081 4465 6935 3371 2831 8457 
1973 7186 5365 514 4155 2509 687 4940 7086 7049 3094 3217 6651 1034 1038 1378 2917 1271 1843 2560 502 153 5697 8754 2079 7369 7097 2292 733 8416 1539 6081 1287 1745 3466 2348 3290 6939 8144 1059 7929 6365 3858 5098 525 8029 3661 7834 5147 4950 5035 377 2958 3508 7207 3402 7927 6206 8663 405 2583 1017 728 5851 7544 6660 5521 4518 3224 1594 1875 401 6961 8753 1314 3054 1009 1735 2474 4666 538 7785 4830 8617 7813 8588 6284 6233 4158 4017 5363 2188 4106 4962 
3794 445 529 5090 6412 2028 6392 4286 7260 584 4619 3529 7636 5275 2611 5079 5004 6152 5422 5698 3210 6852 959 12 5263 591 1848 6812 4161 897 1608 5070 6613 654 4011 7619 2587 5857 6355 2430 719 2711 6208 5742 2824 1194 2379 7060 349 6052 6995 3150 4766 4164 4601 7589 7335 6884 2255 2001 3005 7307 794 6866 8562 5050 8181 4542 6946 6920 523 6722 571 2899 1685 5336 2848 199 6863 5116 245 6748 5261 277 3262 3938 3392 7709 1542 8186 2890 1730 2125 6883 
7170 1261 7662 3703 396 251 295 4452 2091 1991 136 5843 6658 7152 7681 229 6500 5519 3549 8251 2204 6549 5541 3726 6151 7693 4167 261 6537 8716 7689 2337 7099 76 8475 4812 7542 5092 479 8705 6967 3986 3476 138 4417 8496 1176 5522 8824 4807 1487 7867 4412 2128 4432 1353 4484 4577 6855 7966 147 6307 191 6385 6299 467 5538 345 6312 1643 8418 3900 2115 1626 7052 5695 1068 2144 7705 4099 2650 3383 4080 2106 5197 1400 623 806 8134 8344 1805 3939 389 6280 
3546 6332 1403 3291 7592 2971 3607 74 534 7584 5123 1857 1965 831 1275 3526 4013 5883 4944 8034 2109 8386 3192 6764 5719 6443 264 983 3451 1016 7352 7878 8032 5561 6618 3443 3979 8076 5338 6073 5506 7413 2303 6859 3085 3076 4906 2665 5352 7657 4628 1225 3197 8314 3932 8050 2129 7404 1957 1780 4864 686 6927 5086 5898 846 1791 4562 2126 2455 7254 354 8109 4749 6992 4919 7621 2037 2084 4060 5805 7361 8804 655 7526 8193 482 1254 3653 99 1150 3953 3453 5866 
6636 1129 6058 8832 6647 3151 6785 2094 5623 2943 77 3183 7239 5065 870 739 7325 1558 7581 5027 933 8565 404 3329 7228 1352 1481 1415 3121 861 7376 421 6831 6121 7117 8371 4144 3698 5724 8053 4521 5665 7898 2914 2622 4805 1217 461 6544 3344 6664 565 6905 5480 7845 162 8170 6683 5654 3955 8713 7978 7297 6017 3524 6193 390 3906 7837 8744 6362 3204 5951 2346 6775 8729 4439 4201 7161 970 926 8707 6364 5160 5286 378 1664 2814 7118 1289 8598 8042 7221 177 
1112 4874 437 189 7643 7067 4575 6798 2601 5625 4578 2289 4686 5012 7851 50 8473 5874 6801 1641 8820 24 1439 7941 6873 2166 8324 1197 5111 8087 3876 8784 2860 7242 7520 5281 3456 810 5458 2768 8734 750 4966 1154 7656 6523 5426 4600 4909 4255 1590 338 6825 1234 2681 428 5999 367 1795 7578 4456 6175 357 2833 8761 4468 5931 4842 7402 2807 1179 8085 3712 1211 5203 8198 80 4268 7818 494 7137 1754 336 4870 2345 3056 865 3776 4157 8044 8316 7857 1131 5869 
6435 1989 5770 2462 94 5249 4435 3530 7121 4631 4137 5565 2775 6530 4076 6740 1806 8323 6908 5379 5499 8620 8796 1503 2451 8013 6971 250 4021 7796 6337 89 7516 4033 2699 1032 3846 8478 5582 425 8080 2881 1645 4511 6642 5699 8342 2236 8270 7660 6229 3692 8077 2329 4444 8672 8355 6139 7574 4035 3231 3884 8272 2387 8827 6570 8624 746 8469 5466 6569 2359 1365 3585 440 2641 2781 8511 4999 562 7164 7272 7944 4684 6838 592 7442 363 2636 2162 7196 4111 5476 2161 
2513 2764 7456 5587 7147 7431 6263 7155 7432 3822 2727 1721 4431 6262 7802 6470 8350 954 2784 5849 4375 8289 3747 7185 6020 5932 1263 6619 185 7771 5838 7961 6356 8739 7345 6044 8758 6646 7667 5855 1143 8262 2750 1473 7020 569 1376 3695 3717 2886 7913 694 2947 197 603 42 795 5145 7436 5967 2018 1656 3088 1146 6134 500 3098 2508 4247 1502 4404 158 6029 8392 292 8296 875 1801 8398 498 1988 2269 2677 7419 3289 8625 6950 4298 7464 7502 6138 742 641 1058 
5132 7593 5087 3710 1916 6770 4470 154 125 1889 1239 4108 1507 8737 6387 3408 696 6293 886 2870 8480 3108 642 1679 2661 75 6346 581 20 4802 4085 3196 4097 5435 5110 3299 2589 6491 7109 2776 3620 6352 2846 6548 7479 1111 4451 2879 6498 4620 516 1633 3147 3484 1109 4377 2260 3483 6060 3970 5452 3385 721 1377 639 6828 6988 1874 6529 786 8330 8745 8091 2967 1799 4540 31 7892 6821 5917 7282 3364 168 808 1028 221 253 5958 129 8315 1309 732 8152 6411 
1019 6832 1011 6082 4727 8139 3872 8445 6933 3740 6485 5694 7900 3764 1440 5881 4263 5767 3643 3684 6880 6945 4757 2719 1014 39 3066 2960 3403 4971 8158 7373 545 8556 5059 4044 3649 7047 270 8740 4216 3518 4168 7285 2241 1827 4960 5455 2047 1022 963 8400 5998 894 5754 5803 6707 1067 490 3536 8699 343 6340 8790 5592 3769 5696 6732 1527 6918 4483 3714 6242 8294 4078 4753 53 5918 4651 2610 2648 6717 472 5683 6898 2536 126 1164 7411 364 2146 1895 3874 4125 
6805 1253 7623 6586 857 2432 2219 7988 5729 186 6456 3302 7308 6808 2175 1412 2992 7613 7718 1547 3820 1285 4825 4006 8162 1490 2989 930 5400 1260 8227 1578 7686 5317 7604 1878 3024 4331 439 667 4485 2078 6909 1961 161 4246 5017 2308 3781 6965 1123 1903 501 6345 4981 5791 1765 4364 916 5020 4396 4355 193 6520 8787 912 3525 410 3893 5375 4322 6416 1892 7699 7198 8126 6056 6645 244 8772 4977 3704 488 4438 573 7993 3384 6269 6637 8176 6400 6901 2 7870 
3590 4093 226 6823 6238 7048 3327 519 1816 3899 574 4141 4525 4630 3233 5446 6659 2358 7585 4237 5388 4532 5189 1438 902 3693 5574 3418 950 3883 4043 4987 1970 2907 123 5350 1523 1475 836 7505 5030 3417 7794 535 8326 4720 128 4515 1762 1392 214 5818 8248 5739 368 1470 8752 5271 5252 5305 5346 8366 840 6295 5299 3572 6002 2367 433 7241 1345 1990 1898 3875 5750 93 5749 6577 4520 415 8818 793 6604 175 6973 800 1431 5269 2944 2420 4169 7811 5540 1280 
5170 2645 2092 4538 4728 1338 6949 3495 6758 968 1393 823 6333 8132 2887 1422 463 3438 8470 4608 4385 8635 184 2880 5492 8204 8358 1660 8576 2218 6155 6925 2006 2680 5152 1420 991 2572 3225 6451 949 3706 2563 4405 7358 7557 8005 3700 693 6806 3975 7820 4558 2734 8133 2043 7489 866 2714 1255 5755 6708 849 5162 4573 6309 7939 6354 5716 2796 3215 4083 3998 6302 699 5274 1920 1919 6979 2437 526 4260 4568 2825 7341 6974 2702 8124 8742 7865 1971 6232 3511 2067 
2132 834 7454 5008 590 8786 2314 2277 3796 8120 4045 47 1870 3493 6887 6594 5085 957 1435 881 2994 3186 3716 3827 6994 4466 631 4721 5018 3806 1181 663 1178 3034 7634 4413 7949 754 1113 2304 2011 8239 4171 3933 284 5218 4353 8622 1521 6654 1915 6213 5447 5075 3721 4220 266 7532 5088 550 6319 6589 3297 5656 6711 2827 430 7195 6051 8649 5453 5089 1940 8105 3104 6532 7731 1479 6245 6160 8768 3835 1599 8172 372 7842 3881 1449 7663 4354 3276 1938 6574 4866 
1769 8822 4709 7717 6009 5517 546 5568 5481 6026 5096 7769 2381 2221 4300 7421 5242 5231 8436 1095 2185 5225 7607 495 5215 681 3400 2421 1134 690 2485 2315 5659 4507 2193 7800 8778 7040 4075 3811 8727 4787 773 2093 5221 3839 7243 3831 4555 7339 2059 2985 8575 2114 3948 256 4491 6189 8711 5795 5681 8202 7278 8292 3499 3622 5811 7521 5566 4995 5137 3563 1320 8421 7803 7573 8584 3336 2131 311 4191 5114 637 7583 7555 4852 5256 6815 4567 6234 3761 5259 1676 4245 
2929 7571 3397 5264 7350 4398 496 2365 5734 388 4359 6639 2014 729 6990 4685 1396 2231 7999 6249 5885 1518 4895 3064 4677 3101 6479 8554 3723 7218 1148 4897 862 7546 4119 4642 8673 5557 1987 5373 2184 1966 8603 7899 8819 7960 2999 3856 589 1682 6079 5356 8579 2086 7006 7398 1247 2578 131 2935 3139 4027 1812 960 4357 4737 3330 1932 2402 4949 7570 5614 7825 4205 3765 8395 1609 6926 848 2477 7224 6917 1858 7092 8128 2003 6621 2504 4718 1738 3267 7701 5322 7149 
2063 3373 615 593 8746 4893 6793 3775 2537 6457 8726 3596 5940 4983 5555 5619 1501 5991 5398 6087 7576 6733 3633 7858 3898 4334 4827 5024 1770 8466 6931 3746 824 3578 5589 8564 7533 1899 4896 880 6120 7433 6130 5556 2393 8086 5640 4803 7013 87 6567 2213 2580 5276 6977 8706 2010 1445 6223 8264 2720 8082 5451 2247 4351 5596 4469 5310 2050 4747 7348 8424 1975 4776 2628 1371 8718 5627 7510 5427 3637 6885 2840 8765 3980 8785 2407 7472 2762 3000 5941 6538 1823 3178 
1614 661 3838 8636 7451 1180 8122 3903 4 616 4183 5904 2002 6799 1707 1372 7766 1454 4293 688 5389 5947 3914 7259 5298 3105 8592 5937 4688 1293 1914 3908 7377 4990 8171 4453 7868 7989 2313 5294 8024 2506 1511 290 2770 6513 1981 1228 3171 6837 1286 680 2795 5408 6624 8118 5150 618 4024 5208 6147 767 6282 7356 1155 6231 760 1913 520 397 924 5667 567 2476 179 914 5056 2124 6796 4831 1733 8578 3086 1839 5743 4148 4979 1467 3504 227 708 1980 5604 6676 
3006 6840 3055 4980 6066 8650 7203 1546 4733 4648 4352 2362 4319 6055 2040 6521 4098 2592 8675 5877 2029 8298 7100 3987 5550 8322 8793 2772 1043 4566 1782 4610 483 5846 6749 8519 8830 4755 2528 7010 6662 3807 6092 6265 6605 4858 6803 5576 6547 4066 1373 8808 109 4918 4738 456 7400 5207 2649 6561 3163 4719 1529 6290 876 402 1258 7569 942 7315 4704 5280 8131 7465 3118 5535 2512 3213 3641 1726 67 6607 6453 7468 4519 3300 1230 4202 7982 4411 3445 6524 4892 3307 
5131 3725 3343 6650 5813 7986 6217 2274 8835 7850 5682 6195 331 65 4180 2515 4079 8353 1565 851 7962 2792 5460 7467 8702 365 7598 7601 1528 2137 3244 6489 306 863 5738 8500 3129 544 8795 1789 3985 2627 5769 3072 8304 4508 8407 7901 8517 8695 4833 1191 1250 1162 738 8601 1224 4598 3837 6993 1128 6582 8385 5922 8376 3551 612 656 7515 3964 8485 1611 5884 3256 225 1704 4498 6612 4652 4951 8516 7814 2524 2956 4162 8003 5 872 6099 6339 4954 2818 7954 1137 
3012 3783 2311 1996 3935 852 2083 8607 3729 1869 2127 7951 2522 4160 3421 769 4767 1215 2232 1909 5104 2697 260 1447 7919 5357 2797 49 797 1891 677 2941 6100 4310 3365 7438 751 6851 3048 4187 1783 4389 5176 8161 3154 6188 2895 4875 920 6771 1426 988 272 2062 6103 2652 1436 6351 3950 5559 137 8146 1822 3743 8816 7967 4258 4943 6273 2297 3540 1039 4934 4993 828 3099 583 7057 7265 4821 3347 4928 2164 7296 3470 7835 3113 11 5001 2931 5190 6923 1301 8646 
664 3732 3148 5396 1634 4004 55 1580 2089 7226 5167 892 2130 8363 351 7597 6448 103 6889 114 1505 5784 1290 1312 6111 3433 4894 856 1790 518 7148 1829 466 4050 8196 8719 559 1421 218 6608 3202 8504 1694 2104 1901 1624 2995 8137 5334 2643 5868 2209 4992 5701 8443 4305 1977 4420 6236 1257 8656 7193 4294 7798 1339 4848 35 3995 2227 4303 10 6256 934 6255 6893 8479 8267 4978 5360 5341 4104 220 1283 1375 3415 2398 2000 5616 7174 6755 7572 2569 2534 375 
6824 5384 2413 3667 8614 7084 1532 4084 2801 6076 935 8209 7111 8063 2923 5690 3063 8388 744 4204 1493 6350 300 2052 7575 2293 946 8628 1778 599 710 6150 143 5332 1035 8651 3562 8200 3370 2963 3751 8061 3949 1969 8008 5788 72 5437 7786 1072 7733 2035 2097 8741 5129 416 2836 4811 7234 3582 5143 4344 5107 7366 8142 7011 3082 3638 3193 5633 1709 8527 653 8164 1434 3455 8797 5386 979 8026 2302 248 5493 1480 3823 6221 51 2945 412 241 7751 6228 4313 878 
6161 2205 7605 7528 1657 5775 27 4408 3252 315 2809 3019 6460 1227 5612 6566 7310 8025 7182 4986 3316 4967 4010 8666 5448 3079 4920 552 8798 4617 262 2354 2908 614 770 8459 8730 166 29 1356 152 8807 5344 4746 8199 6980 5515 3313 5923 3711 7074 4657 4828 5834 5411 3020 7087 3919 265 2275 1751 5186 8653 2530 5099 1922 160 1483 6396 1924 7563 1099 6656 8207 8594 3444 5488 847 5364 4429 4921 1350 2782 8481 1853 665 1459 8151 1149 4818 6968 3367 8605 7319 
753 1103 620 3758 5236 7642 1513 3294 2859 8823 5744 4222 1357 1414 7775 4635 3245 6599 7291 2761 5144 3959 267 2498 3426 5178 1855 5028 7158 7588 4492 1071 8101 4340 6300 6934 1698 6501 1540 1076 5290 4332 190 5051 2064 122 6204 6652 7089 5407 507 3396 1772 8178 392 1883 3109 8031 8566 7566 1554 8185 8710 2866 5445 6768 4409 7090 8420 4705 1116 3381 6899 8206 470 3490 2689 1758 3880 5023 1552 8068 3503 5121 2882 2822 8217 709 871 1303 2355 2855 825 3843 
5308 4219 7647 3315 2949 4401 2450 2686 5106 112 1825 398 5311 700 4105 3323 2820 2497 5757 6085 1231 164 2692 6795 8591 2270 5316 7714 7277 7579 7683 224 652 3971 7299 1785 4233 956 1928 4256 387 5201 1743 8390 2452 6872 4994 73 6578 5133 8540 1953 5588 2721 6184 6187 3719 6078 5063 1718 1519 5295 5847 5673 8157 268 7073 3448 1304 999 1777 7429 8685 821 8174 4735 2561 1156 6991 6668 8760 3917 887 6198 5120 783 1265 7590 649 6414 8211 6712 2741 7165 
6224 119 3356 8100 2726 2565 6512 6258 1930 139 6865 8156 4436 1160 1968 273 1562 2654 8542 657 1729 68 3652 423 1322 3960 8507 462 6854 1628 2102 7972 2373 595 6726 4496 6136 5520 6169 4259 6406 6797 3557 7009 704 4102 4699 3699 8295 2507 1637 5016 1937 3968 8375 5824 8404 8759 668 1122 4350 5257 408 853 7677 7439 5006 4847 7102 6417 3580 2499 2465 1555 7720 4425 8659 4574 3824 7408 2946 1972 8585 4712 2178 3298 7357 4543 4516 101 362 6292 899 7159 
4717 2951 5118 5212 5936 4824 8684 4763 7126 7392 7791 2187 8704 1911 1088 1607 2110 4464 4266 1688 3280 2357 6106 2559 1669 8805 5887 2439 826 376 855 4383 3311 1399 2606 5007 6502 5083 6410 3188 4544 7728 4462 173 4647 4975 6684 2983 1446 6571 1177 3390 6218 5777 497 3943 8582 1209 5545 40 5911 5802 2408 1728 155 2399 1262 3577 4007 7493 1834 734 1151 5553 2675 1690 5751 8143 4556 7461 1186 5977 5443 2449 5415 6780 4660 3612 5335 5136 4793 1567 1018 3087 
1110 3570 240 4206 1385 6158 3325 903 2334 776 2982 2252 2503 6742 8179 8577 4009 5919 8640 1508 707 8038 1545 1045 7974 1364 4077 8647 2976 3471 2220 36 5907 8148 6068 7518 1893 3509 3613 7915 358 1030 8599 530 5730 7618 3349 5470 5581 4813 3759 475 4783 4046 1654 7192 5859 6088 2214 1362 3168 8749 1236 1450 4700 1274 6201 7956 1020 6105 2690 944 4638 8630 576 3668 8394 8018 8606 5044 8056 2613 7822 2533 1477 7085 1888 1299 3793 150 557 8240 3488 8059 
1060 1087 2538 3683 5644 7761 8129 6820 2382 1173 3642 2273 5570 8333 6164 2644 6783 5700 6833 8600 337 71 4392 3138 286 8637 5139 2926 5464 6272 5827 3191 6061 4095 6788 4845 4214 5593 2787 6545 6116 3771 3250 2554 2862 4210 7512 4397 2779 5675 3542 7856 6077 6536 5943 4165 987 2258 302 7333 1049 3778 5677 2174 17 5410 6874 2839 4113 6625 3025 5401 4074 2975 3936 7168 839 6016 8813 2568 1472 5913 5151 2111 4174 8563 1632 964 2285 1395 3521 5983 7012 6022 
8307 6978 6648 790 3763 3194 4916 3894 4348 208 7480 16 802 4581 890 3246 3028 4947 6849 6580 5666 6341 6911 5318 7998 4114 741 4366 566 8501 2575 6013 4804 1716 4930 4774 7399 2850 8609 4780 8107 3591 6490 4526 7015 3871 762 1640 3235 4215 7735 5902 6503 7740 8290 2276 2229 406 1746 4593 635 56 3004 2294 4797 5034 7179 4549 2864 4493 3860 6156 643 6437 4388 4941 1983 435 3065 7131 3617 2039 369 3565 2708 8486 7933 1291 1161 2020 527 5340 771 6704 
2172 3342 4240 6015 1079 2733 4199 6776 1711 6133 8762 5735 2012 4512 3606 8094 1510 718 6446 3023 2991 3176 3909 3805 3910 5800 2624 2548 6199 2541 5320 3112 1671 5244 5482 5055 2044 379 5245 678 34 5195 5395 8116 6308 6643 7540 7410 5577 2459 1292 1465 1464 7406 6377 1880 5198 4580 3165 5579 4535 5799 7715 3169 2520 6678 3457 6957 2783 607 1635 5351 2669 1684 6598 2542 3675 3679 7446 2251 7401 6614 5630 5992 779 6892 4386 1543 1494 4931 4537 8066 801 6615 
5687 6384 4208 8690 2922 7732 570 6040 4863 3512 4801 1343 3730 4252 2802 4329 1900 4134 6209 8048 5314 7443 5423 3446 6174 7033 8104 7459 2731 4226 2033 1808 8064 1242 1672 7650 355 4360 2688 5714 3676 978 293 2190 6562 133 4884 5712 4667 3497 7882 5897 2701 7737 6551 5908 6123 2574 6353 4308 3886 5204 4632 1866 4400 3821 3130 5164 8493 287 2637 5891 6250 5103 5702 8619 299 2742 5974 1 6543 258 6497 6583 8253 3568 1998 2502 4490 3243 5651 4523 3387 3868 
5528 4905 6235 5342 604 7153 791 7797 6454 3164 6896 95 6436 3770 2378 8471 4277 491 7625 1053 1831 5409 3467 1550 8054 7004 3786 222 1489 1125 449 7298 2660 629 3282 4945 4552 3306 647 7217 5821 3156 6942 5509 3879 5649 8140 896 8660 374 7206 3754 3263 2203 6932 1713 5084 692 832 6276 727 7930 2123 662 5000 3911 3340 4146 7773 458 8693 2932 798 26 6746 4860 6323 1140 2959 4318 8551 4964 8153 1337 7312 7839 6752 1119 6641 2928 7934 2868 2427 1724 
3556 7524 1145 5371 8028 7862 320 5477 6368 6449 7932 7270 5717 1702 8782 1787 5183 2360 6473 4708 5029 8748 4861 385 3203 8623 6125 8419 2883 5894 6565 1335 784 8154 6349 2443 4867 1737 1717 7039 3010 835 6564 52 8717 6635 4225 971 1496 3928 6090 8000 4192 1397 3907 3239 2464 6230 5981 4081 7143 8800 6316 3678 4695 2103 1391 1601 1084 2431 6557 5772 2630 7783 8538 7150 572 7201 6826 2986 7713 1047 1838 118 2319 521 252 4550 6834 7968 2695 6528 3030 2490 
2041 8015 424 2800 2150 5258 2570 7833 4323 5804 2262 7269 6192 6714 7772 2863 4689 3272 3965 4711 4326 8234 1934 288 8259 6572 8108 8069 671 1002 8806 5115 6358 5002 7679 8476 5533 4128 4741 7036 2724 8020 6025 6734 2910 1433 2118 274 3825 1595 1491 3069 429 3502 3195 5848 4261 1802 5331 2997 44 469 1319 8258 7351 4693 749 135 159 2056 8117 1476 588 2700 5617 6644 2736 8336 1941 1015 209 7875 7942 1004 2857 2196 7975 1305 1276 7210 1773 4901 3640 4172 
3304 8580 4886 8019 2155 8305 8581 6716 1658 3494 1835 5955 7486 2655 4306 1710 8587 5990 7425 3990 3409 1334 6062 2576 6861 5862 6108 2615 8722 5591 7142 213 2969 5957 2919 5268 7617 4381 2152 7722 8130 7204 8821 4624 7946 5061 2054 3068 8463 7116 4768 3029 1078 4588 5508 2009 8377 4337 7788 1559 2388 799 967 1213 2892 5489 5349 5537 1417 1999 5429 4586 4670 7304 4655 961 5082 1394 3660 4421 453 5441 5026 891 7535 1061 8368 5378 5149 613 984 2453 5474 3414 
2306 5978 1939 1506 1563 4634 2916 5741 7910 3772 6101 1652 3058 1023 178 8548 4857 6779 5605 8468 6059 3355 8327 8612 6723 1206 5246 2377 3944 132 3472 8360 5368 6091 7368 6818 4773 3750 7688 2483 5009 4182 8411 7940 5608 5513 679 2015 7577 1763 1418 3588 3600 911 8071 2684 2595 5854 4480 7167 5237 2414 1992 648 8160 7453 4772 6810 3223 4754 7866 1432 5776 4087 5853 340 7674 2510 5039 6054 7855 989 5641 1589 8004 1925 5546 636 4324 5634 1077 3999 3977 4346 
2386 4136 7640 92 953 7639 2200 737 6281 1340 1741 1010 4304 3912 3173 1573 3913 5045 936 3538 325 1994 149 7651 4658 2646 7603 752 6789 4595 724 558 3391 2501 1753 6145 7764 4826 3888 1625 1731 735 8448 3167 4933 7553 5228 1967 2005 3236 3345 867 3201 4185 673 8309 879 3514 5156 2639 3869 2321 2683 6862 1081 7478 3253 1849 59 1804 3413 3285 6038 316 2625 6075 3832 5823 436 6864 5325 6663 5514 8159 2546 5575 3666 7655 4200 7750 7229 7760 5900 8037 
1171 1588 4996 2653 1029 1768 4742 898 7754 8610 322 4019 765 2873 6185 6254 4779 8095 7042 785 4936 446 2924 1386 2458 5518 5914 4133 5497 394 819 1821 2911 4500 7190 5067 7093 5187 7729 104 8278 4198 2740 8043 7945 7893 6440 3468 811 6427 2621 6405 3547 3851 4777 7244 1908 105 2141 7637 3449 6182 8381 2267 5369 2861 3270 4288 2467 3170 4022 8639 2763 2830 4690 3682 6298 1056 1560 6119 1904 3491 5554 1639 69 3896 7596 8224 7135 4273 3450 602 1235 1907 
2342 1409 5297 249 1460 4942 4282 2208 1997 8235 4579 5653 4714 8318 1331 4707 1952 8231 8678 1272 2088 1284 3257 2320 5052 1021 1897 5226 1705 7470 4163 7306 2448 2198 4426 4548 5995 4692 1243 8615 3814 6728 5752 165 650 3848 1219 1086 6379 4991 937 2325 8546 1000 2865 1514 4917 2608 4387 400 7232 1075 5303 2055 8789 2811 2717 2600 7163 2046 2065 4179 8329 1090 3608 6048 6560 3922 850 2406 3011 3234 586 6845 3621 1221 5867 714 7562 8680 4023 8045 7 7873 
4197 4264 5260 5465 3463 1237 8522 909 1935 5100 285 1949 1245 1204 4270 1051 2390 5333 7484 6477 2780 5093 8642 63 8261 2876 5781 6794 319 1277 3041 3184 1040 4786 8369 8273 4016 3339 2471 5933 6762 6510 3553 8545 8203 6504 6004 7684 7253 510 5078 6550 3293 476 23 3405 6393 6419 2968 7240 5155 3320 8378 4974 8039 4499 2167 8208 4790 1504 5380 6853 5663 4414 4365 7332 3175 6879 4599 5747 549 8626 8263 542 200 1576 3623 3532 7160 2419 1310 4835 1813 4062 
7001 1073 8512 3639 3474 7262 8774 1499 4434 5715 5219 3736 5179 1222 8370 6792 2774 7992 1803 2778 919 380 5450 444 2893 6790 8102 940 6858 3632 4307 7907 6381 2616 3045 5544 907 4924 1346 1537 6984 1627 908 7395 1429 7534 1574 120 7284 4321 6966 5490 1962 6597 6046 96 3080 4923 7611 5459 7021 6398 4939 2254 5671 5424 1734 4028 2195 2309 7832 3337 8811 6148 1294 5765 845 995 4440 3479 471 702 8561 7202 4889 2069 8454 5725 3166 2484 8214 580 5175 1295 
7246 6515 6376 6348 6112 3084 1083 2612 7612 3226 3694 7702 5234 7789 172 6089 7136 4003 8543 8815 60 3516 6315 3398 7030 6461 7500 1722 4602 4536 6638 5831 2918 6868 5590 6359 579 6666 859 7971 1582 5283 238 1485 7019 5282 7365 7112 7481 7777 674 1471 4883 1944 2391 4506 5300 2514 4557 1946 4904 1205 2500 7918 7673 1296 5626 6677 5108 2556 4082 1500 905 7473 3111 4636 8429 1984 1264 2798 7000 2573 5876 630 7430 7622 3485 787 1108 8709 2374 7295 2672 772 
561 8287 600 5809 3873 317 7094 2163 3755 7032 2954 8081 3569 3593 474 6469 2849 4449 8444 6493 1259 4289 7823 7947 2243 4932 563 7483 1041 843 3669 7220 6035 4416 4510 7268 5890 3663 7994 5328 4467 1978 323 5387 6487 2385 3412 3984 4935 4194 6306 3123 3310 6819 4926 6166 2090 3102 8756 8505 8757 6929 7223 666 45 524 6369 6271 1912 715 329 8668 2668 450 6202 8611 6131 5436 2053 4151 3967 7990 3791 6699 4633 6955 705 5964 6856 4457 4129 5819 531 4089 
8801 4640 5406 5613 608 3136 339 6027 1288 4458 6778 5740 4147 2984 3374 3552 4850 7394 6897 4290 7905 6871 4597 2706 5921 7405 1404 7091 2121 3346 701 7792 2389 5058 3326 6285 3841 8187 7311 3733 8089 2614 2480 6559 5660 8667 7808 2715 2810 7762 893 5610 5928 2253 3789 5778 7188 1586 64 8488 5790 3691 5337 3318 7441 5496 4900 3314 7888 8655 6186 8382 5302 617 8415 8431 6057 6962 3216 5622 7816 6701 4378 5721 231 3107 4646 8195 7362 6959 3681 7712 8676 2202 
2842 6124 2058 5689 5113 4231 628 1571 7359 7070 3576 4672 3626 3581 2790 5463 3424 5512 598 8697 3317 5166 1266 8608 3647 7280 3878 195 3645 464 7568 7629 5181 5815 4476 706 3696 7349 4551 2287 8136 1419 5313 3592 5418 818 3482 6944 8691 4563 5762 1358 8337 2981 3425 6628 5122 1405 4143 2841 8783 5171 6617 2527 301 4791 8750 4390 1401 2101 6937 6042 5211 4553 1416 2060 6802 775 6956 1752 761 8182 7795 6313 230 8812 4604 2383 5192 6709 2238 5251 6127 2728 
3369 2460 2593 4778 7863 7178 7062 4716 1031 174 3616 187 4391 5836 7317 4278 4497 5597 7983 3845 312 5986 2891 6601 2116 134 2098 4244 780 777 7216 2757 1006 6226 7323 5279 2550 723 2417 4138 4838 1091 1583 8051 1407 4761 1036 7283 8092 8586 1663 3247 8439 3117 8010 4145 4846 4851 4330 5419 1686 5621 6093 5910 3697 169 8341 2423 1244 5140 532 6736 5792 8509 7130 2938 8809 3655 7326 5527 3685 477 3537 536 1886 731 6360 6496 2326 596 2136 4235 2673 833 
2712 6517 3658 2165 7770 6996 8423 1003 6141 5254 4823 7659 7448 1993 4315 1080 7981 1398 7046 7083 1402 3782 3531 1170 943 8725 6070 6433 234 5629 6936 522 3941 8372 7309 228 5944 8221 6690 1267 1024 509 5984 1606 1007 7367 972 8644 3042 3393 8751 5916 3902 6540 2112 3459 1368 1443 2170 6694 382 659 4051 4809 8241 3177 3358 4020 2074 3292 7896 8242 6180 8533 8484 8529 8521 5703 938 8828 2609 2581 4349 3407 3583 157 6171 7804 768 5135 1955 5381 1541 7024 
1114 6028 5758 2197 171 3956 6216 3611 7038 4501 4123 4284 5306 4472 568 2472 8165 481 2473 4744 4058 8114 2793 6086 6671 6317 7698 4691 3942 7530 8229 1354 7652 8150 6715 2819 3566 5650 4275 5798 8244 3258 3120 7676 2618 8574 85 6673 906 7594 3423 7172 8190 2049 6211 1755 1281 5385 4150 6782 326 4613 5615 1581 3656 1082 1810 3528 4295 9 4843 7458 296 5323 8113 3199 7609 6104 5374 1584 411 3185 3027 1184 7494 419 5238 7125 8743 6505 4855 420 8590 4664 
4203 115 8401 5889 3500 1646 2350 2704 6983 7626 1152 2856 4224 2087 4854 1677 7140 4314 5692 7491 4212 2139 2912 1327 4739 4047 1597 5097 2487 5934 8347 5003 1232 2531 2691 3797 6327 3598 3389 2444 7991 3799 8033 2729 4972 309 8058 829 61 8012 5273 2723 3527 3885 2900 289 4547 111 459 3146 4868 6215 8514 2335 814 1492 1964 5291 6334 5397 3266 2875 6827 5412 4406 2333 7205 7938 4356 2475 6243 6518 6541 1536 8339 6875 844 1630 3918 5421 6876 5265 6168 3954 
4460 1175 1942 1687 4572 1662 78 148 3619 8293 3507 7154 2316 3328 6546 1760 551 6695 2577 5893 7755 6600 4650 7984 4514 2295 736 7846 5454 66 1054 7002 422 371 1851 3435 1629 2173 3043 1794 1744 3047 1005 3564 1269 3554 4997 7293 1974 3452 6951 8237 788 1410 813 4410 2896 4764 3665 5723 6554 1786 4722 1699 4621 7076 7768 4765 6727 7305 4976 6266 6575 2272 3143 5247 3575 5861 8698 2158 626 243 2980 6291 1126 6324 6288 4030 4124 6094 5973 2416 6107 6688 
3779 7736 206 6137 4177 4798 3618 6679 5832 1538 6053 5676 3465 1306 2493 2679 5726 4985 952 1453 2934 3972 4447 455 5837 5531 1444 3368 2965 8088 3379 5413 6261 4869 958 204 460 3550 4336 6492 3829 6902 5728 8834 1598 6484 6197 2966 1905 3924 4527 5130 4887 7173 2667 7199 4503 6525 1616 3599 7290 7128 5468 4952 5882 8017 4407 1390 140 7509 4622 3382 7987 5224 298 3119 8356 8526 6813 3513 6766 7072 3211 2032 3558 2394 4750 5987 3308 7506 8219 3785 142 966 
7266 5578 3748 6522 6162 6196 6023 2305 2021 7016 2105 4837 2027 8393 3149 4914 860 8508 1725 2590 6754 235 2902 2189 2979 6012 3214 5542 2318 1062 8604 611 4041 6372 4758 5382 6113 7716 5033 6860 5903 7477 2396 5434 4446 3798 4629 5253 4957 901 6375 3097 5996 1617 3031 4173 2658 4902 5572 7925 2181 2869 370 6791 3945 1619 7815 7672 1437 4522 4272 8633 5864 3560 6940 632 473 504 1012 537 8220 4694 4673 7911 3242 6750 4343 1615 812 6848 4126 4317 5393 3589 
7455 7414 3870 106 8621 5624 3454 3735 6773 278 2871 2186 986 3492 5635 5278 1950 3003 895 685 3662 6032 2171 5370 6576 4427 2693 7958 4596 816 4186 1074 211 1297 6591 6857 3892 6126 888 941 7671 8814 310 8308 5036 4878 7183 409 6811 1348 3159 7497 6960 3009 6930 7920 3614 4112 8383 1147 7219 3110 8422 4810 2744 7187 5284 5930 3145 7134 4734 8535 212 1167 2288 1329 2707 7391 7606 6129 6710 6069 5829 3127 3790 6240 7790 5731 4382 7700 6439 205 3135 5948 
7151 6033 2192 6030 1708 5414 6167 6253 7830 3813 32 4342 2225 904 7343 7028 8083 5467 3162 3411 1943 3322 5560 2113 3209 6987 6981 8057 2755 4280 282 2133 8297 8014 554 1841 7231 7146 6344 5043 4785 1216 8216 5312 3274 4876 858 7548 4594 1797 7139 3095 1781 7233 5355 4110 6725 5899 4267 8257 2812 5661 605 2759 7890 6634 1623 8550 965 1188 969 6620 1644 5534 3334 2400 5112 1141 8079 2766 2296 1323 8299 3134 8409 3015 393 1456 269 7184 4328 8223 2248 413 
2429 4029 1379 8539 4057 3189 2898 7959 8183 1273 3039 658 8396 2007 3116 145 2617 8720 2368 3615 7379 8441 4312 8230 8097 6881 3255 1861 6947 5199 5768 3989 5648 3947 3722 3279 3702 2246 1220 487 5472 3264 517 4221 5631 7276 1192 2915 726 2835 2657 7371 6097 8487 1570 6401 6814 7536 2642 5526 1457 1832 1344 6267 1846 478 7924 3155 7127 5945 8049 4908 8007 6010 2441 5668 2670 237 108 7474 1600 5657 8681 291 7370 2457 130 1647 6399 6830 2913 2748 2696 1525 
7517 5353 5529 4419 3752 4253 3997 3070 6516 541 6329 4232 713 1370 4311 676 7741 7864 6494 6667 2332 7230 7654 6527 4605 318 6767 3376 2380 4477 6616 3854 1202 5652 764 8446 6031 4242 2424 8249 6394 6626 3132 4034 2025 4517 5806 6822 2970 1695 3962 8078 3795 4122 7208 977 3573 5925 2582 6450 2454 5584 6511 5304 181 5980 4820 3777 2199 7880 3230 2948 1336 508 8096 6173 7018 5431 6627 1592 1610 7638 8736 1135 3073 2159 6219 2747 3137 4771 6772 4546 6499 4668 
1359 2756 3762 8155 1840 294 1856 622 1649 7375 4701 1771 3946 2815 7250 183 7238 6370 1455 5486 1132 6850 976 556 2950 7936 745 3951 8317 2909 981 3715 30 3520 7384 3594 5760 2832 5205 4910 2808 697 8549 5200 8201 8284 5852 2076 6836 7324 884 4554 8569 127 4625 817 232 360 8135 6241 4611 747 492 6835 7669 5680 3141 6314 2765 2073 3422 33 5833 1784 915 6674 2972 7703 7103 7249 7320 121 3275 8098 4032 2223 5812 8558 3510 6330 1670 6846 5901 6367 
2177 4433 4899 5405 8093 6422 3539 1715 3974 1879 7044 3312 4442 5487 6264 1844 7685 1190 3988 882 346 7386 3429 1100 8701 3077 6144 4836 1282 4065 5779 4891 1300 841 7354 7363 3523 2619 8692 1596 7665 2363 5031 5585 5425 2843 3603 3219 6769 1027 3222 4769 1700 2663 1618 5971 5194 6669 633 3815 2463 7328 7275 2100 4052 5456 4176 4243 7871 682 5763 8016 1249 3416 4279 5134 1013 4393 651 3093 8168 6534 5159 2034 2603 1918 116 2138 2496 2412 5220 7931 4251 2372 
4339 7171 3182 698 1369 7177 7844 5292 789 1330 2845 5736 6361 2651 2939 2685 4958 8589 3377 8825 2635 6301 2547 874 198 7437 2993 2752 932 7162 7427 3278 8432 7108 3249 2216 3877 3727 1906 945 2249 7133 6220 5038 3760 2791 7344 5048 1478 8115 4570 8770 3428 8302 7114 5163 2557 6248 4072 8530 2632 2405 1549 2676 992 321 2659 6222 21 7952 7329 2366 8410 5810 7753 5185 5595 5989 5327 2597 2505 6687 4654 6098 6200 217 931 5982 1551 4644 7950 46 5354 3442 
4853 822 1462 2445 6403 2489 2694 3788 5032 2671 14 7921 6486 3766 3321 8452 3046 6214 2286 4374 202 7175 4955 6841 3057 6172 7997 6170 6102 4740 2771 1474 5019 7894 2201 8236 7730 2834 6729 176 5871 2517 994 8067 5548 2564 8361 3952 2998 8065 8433 1025 5457 8715 7690 5782 2844 6011 6296 3053 2977 774 3430 4873 5041 81 759 4582 5929 4422 4770 3773 1535 6839 7279 2878 4591 4120 2620 8149 8559 2080 6006 5270 4885 6743 3631 7840 1117 110 4379 8497 515 8138 
